謎連鎖

"chain.new"
"story01"
[3, 2, 2, 3, 4, 4, 4, 4, 3, 4, 2, 3, 4]
[4, 1, 1, 2, 3, 3, 4, 4, 3, 3, 2, 2, 1]
[2, 1, 4, 4, 4, 4, 1, 1, 1, 2, 1, 4, 4]
[2, 4, 1, 2, 2, 2, 4, 4, 1, 4, 2, 2, 4]
[2, 1, 2, 4, 3, 1, 3, 4, 4, 2, 3, 2, 1]
[3, 2, 1, 1, 1, 4, 2, 1, 4, 1, 4, 1, 2]

[3, 2, 2, 3, nil, nil, nil, nil, 3, 4, 2, 3, 4]
[4, 1, 1, 2, 3, 3, nil, nil, 3, 3, 2, 2, 1]
[2, 1, nil, nil, nil, nil, nil, nil, nil, 2, 1, 4, 4]
[2, 4, 1, 2, 2, 2, nil, nil, nil, 4, 2, 2, 4]
[2, 1, 2, 4, 3, 1, 3, nil, nil, 2, 3, 2, 1]
[3, 2, 1, 1, 1, 4, 2, 1, nil, 1, 4, 1, 2]

"1chaine"
[3, 2, 2, 3, 3, 4, 2, 3, 4]
[4, 1, 1, 2, 3, 3, 3, 3, 2, 2, 1]
[2, 1, 2, 1, 4, 4]
[2, 4, 1, 2, 2, 2, 4, 2, 2, 4]
[2, 1, 2, 4, 3, 1, 3, 2, 3, 2, 1]
[3, 2, 1, 1, 1, 4, 2, 1, 1, 4, 1, 2]

[3, 2, 2, nil, nil, 4, 2, nil, 4]
[4, 1, 1, 2, nil, nil, nil, nil, 2, 2, 1]
[2, 1, 2, 1, 4, 4]
[2, 4, 1, 2, 2, 2, 4, 2, 2, 4]
[2, 1, 2, 4, 3, 1, 3, 2, 3, 2, 1]
[3, 2, 1, 1, 1, 4, 2, 1, 1, 4, 1, 2]

"2chaine"
[3, 2, 2, 4, 2, 4]
[4, 1, 1, 2, 2, 2, 1]
[2, 1, 2, 1, 4, 4]
[2, 4, 1, 2, 2, 2, 4, 2, 2, 4]
[2, 1, 2, 4, 3, 1, 3, 2, 3, 2, 1]
[3, 2, 1, 1, 1, 4, 2, 1, 1, 4, 1, 2]

[3, 2, 2, 4, nil, 4]
[4, 1, 1, nil, nil, nil, 1]
[2, 1, 2, 1, 4, 4]
[2, 4, 1, 2, 2, 2, 4, 2, 2, 4]
[2, 1, 2, 4, 3, 1, 3, 2, 3, 2, 1]
[3, 2, 1, 1, 1, 4, 2, 1, 1, 4, 1, 2]

"3chaine"
[3, 2, 2, 4, 4]
[4, 1, 1, 1]
[2, 1, 2, 1, 4, 4]
[2, 4, 1, 2, 2, 2, 4, 2, 2, 4]
[2, 1, 2, 4, 3, 1, 3, 2, 3, 2, 1]
[3, 2, 1, 1, 1, 4, 2, 1, 1, 4, 1, 2]

[3, 2, 2, 4, 4]
[4, nil, nil, nil]
[2, nil, 2, nil, 4, 4]
[2, 4, 1, 2, 2, 2, 4, 2, 2, 4]
[2, 1, 2, 4, 3, 1, 3, 2, 3, 2, 1]
[3, 2, 1, 1, 1, 4, 2, 1, 1, 4, 1, 2]

"4chaine"
[3, 2, 2, 4, 4]
[4]
[2, 2, 4, 4]
[2, 4, 1, 2, 2, 2, 4, 2, 2, 4]
[2, 1, 2, 4, 3, 1, 3, 2, 3, 2, 1]
[3, 2, 1, 1, 1, 4, 2, 1, 1, 4, 1, 2]

[3, 2, 2, 4, 4]
[4]
[nil, nil, 4, 4]
[nil, 4, 1, 2, 2, 2, 4, 2, 2, 4]
[nil, 1, 2, 4, 3, 1, 3, 2, 3, 2, 1]
[3, 2, 1, 1, 1, 4, 2, 1, 1, 4, 1, 2]

"5chaine"
[3, 2, 2, 4, 4]
[4]
[4, 4]
[4, 1, 2, 2, 2, 4, 2, 2, 4]
[1, 2, 4, 3, 1, 3, 2, 3, 2, 1]
[3, 2, 1, 1, 1, 4, 2, 1, 1, 4, 1, 2]

[3, 2, 2, 4, 4]
[nil]
[nil, nil]
[nil, 1, 2, 2, 2, 4, nil, nil, 4]
[1, 2, 4, 3, nil, 3, nil, 3, 2, 1]
[3, 2, nil, nil, nil, 4, nil, 1, 1, 4, 1, 2]

"6chaine"
[3, 2, 2, 4, 4]
[]
[]
[1, 2, 2, 2, 4, 4]
[1, 2, 4, 3, 3, 3, 2, 1]
[3, 2, 4, 1, 1, 4, 1, 2]

[3, 2, 2, 4, 4]
[]
[]
[1, nil, nil, nil, 4, 4]
[1, nil, 4, 3, 3, 3, 2, 1]
[3, nil, 4, 1, 1, 4, 1, 2]

"7chaine"
[3, 2, 2, 4, 4]
[]
[]
[1, 4, 4]
[1, 4, 3, 3, 3, 2, 1]
[3, 4, 1, 1, 4, 1, 2]

[3, 2, 2, 4, 4]
[]
[]
[1, nil, nil]
[1, nil, 3, 3, 3, 2, 1]
[3, nil, 1, 1, 4, 1, 2]

"8chaine"
[3, 2, 2, 4, 4]
[]
[]
[1]
[1, 3, 3, 3, 2, 1]
[3, 1, 1, 4, 1, 2]

[3, 2, 2, 4, 4]
[]
[]
[1]
[1, 3, 3, 3, 2, 1]
[3, 1, 1, 4, 1, 2]

"9chaine"
[3, 2, 2, 4, 4]
[]
[]
[1]
[1, 3, 3, 3, 2, 1]
[3, 1, 1, 4, 1, 2]